2020030,2020030,2020030
2020036,2020036,2020036
None,None,2020048 
2020063,2020063,2020063
2020064,2020064,2020064
2020071,2020071,2020071
2020174,None,2020174
2020175,2020175,2020175
None,None,2020188
2020214,2020214,None
2020296,None,2020296
2020305,None,None
2020306,2020306,2020306
2020317,2020317,2020317
2020357,2020357,2020357
2020361,2020361,2020361
2021353,2021353,2021353
2022008,2022008,2022008
2022135,2022135,2022135
2022141,2022141,2022141
2022142,2022142,2022142
2022143,2022143,2022143
2022146,2022146,2022146
2022147,2022147,2022147
2022148,2022148,2022148
2022149,2022149,2022149
2022151,2022151,2022151
2022152,2022152,2022152
2022153,2022153,2022153
2022154,2022154,2022154
2022155,2022155,2022155
2022156,2022156,2022156
2022157,2022157,2022157
2022158,2022158,2022158
2022159,2022159,2022159
2022160,2022160,2022160
2022161,2022161,2022161
2022167,2022167,2022167
None,2022188,2022188
2022203,2022203,2022203
2022209,2022209,2022209
2022214,2022214,2022214
